-1 -1 -1 1 1 -1 -1 -1 -1 -1 -1 -1 -1 -1 -1 -1 -1 -1 -1 -1 -1 -1 -2 -1 -1
-1 -1 -1 2 2 -1 -1 -1 -1 -1 -1 -1 -2 -1 -1 -1 -1 -1 -1 -1 -1 -1 -1 -1 -1
-1 3 -1 -1 -1 -1 -1 -1 -1 -1 -1 -1 4 -1 -1 -1 -1 -1 -1 -1 -1 -1 -1 -1 -1
0 0 0 0 0 0 0 0 0 0 0 0 0 0 0 0 0 0 0 0 0 0 0 0 0
-1 -2 -1 5 5 -1 -1 -1 -1 -1 -1 -1 -2 -1 -1 -1 -1 -1 -1 -1 -1 -1 -1 -1 -1
-2 -1 -2 6 6 -2 -2 -1 -2 -2 -1 -2 -1 -1 -1 -1 -1 -1 -1 -1 -1 -2 -2 -2 -2
-2 -1 -1 7 8 -1 -1 -1 -1 -1 -1 -1 -1 -1 -1 -1 -1 -1 -1 -1 -1 -1 -1 -1 -1
0 0 0 0 0 0 0 0 0 0 0 0 0 0 0 0 0 0 0 0 0 0 0 0 0
9 -1 -2 -1 -1 -1 -1 -1 -1 -1 -1 -1 -1 -1 -1 -1 -1 -1 -1 -1 -1 -1 -1 -1 -1
-1 10 -1 -1 -1 -1 -1 -1 -1 -1 -1 -1 -1 -1 -1 -1 -1 -1 -1 -1 -1 -1 -1 -1 -1
0 0 0 0 0 0 0 0 0 0 0 0 0 0 0 0 0 0 0 0 0 0 0 0 0
14 -1 18 17 17 13 12 -1 15 -2 -1 14 -1 -1 -1 -1 -1 -1 -1 -1 -1 14 -2 16 -2
0 0 0 0 0 0 0 0 0 0 0 0 0 0 0 0 0 0 0 0 0 0 0 0 0
0 0 0 0 0 0 0 0 0 0 0 0 0 0 0 0 0 0 0 0 0 0 0 0 0
0 0 0 0 0 0 0 0 0 0 0 0 0 0 0 0 0 0 0 0 0 0 0 0 0
0 0 0 0 0 0 0 0 0 0 0 0 0 0 0 0 0 0 0 0 0 0 0 0 0
0 0 0 0 0 0 0 0 0 0 0 0 0 0 0 0 0 0 0 0 0 0 0 0 0
0 0 0 0 0 0 0 0 0 0 0 0 0 0 0 0 0 0 0 0 0 0 0 0 0
-2 -1 -2 -2 -2 -2 19 -1 -2 -2 -1 -2 -1 -1 -1 -1 -1 -1 -1 -1 -1 -1 -2 -2 -2
20 -1 21 -1 -1 -1 -1 -1 -1 -1 -1 20 21 -1 -1 -1 -1 -1 -1 -1 -1 20 -1 -1 -1
0 0 0 0 0 0 0 0 0 0 0 0 0 0 0 0 0 0 0 0 0 0 0 0 0
-1 -1 -1 -1 -1 -1 -1 22 -1 -1 -1 -1 -1 -1 -1 -1 -1 -1 -1 -1 -1 -1 -2 -1 -1
-2 -1 -2 -2 -2 -2 -2 -1 23 -2 -1 -2 -1 -1 -1 -1 -1 -1 -1 -1 -1 -2 -2 -2 -2
25 -1 25 25 25 25 25 -1 25 24 -1 25 -1 -1 -1 -1 -1 -1 -1 -1 -1 25 25 -1 -1
0 0 0 0 0 0 0 0 0 0 0 0 0 0 0 0 0 0 0 0 0 0 0 0 0
-2 -1 -2 -2 -2 -2 -2 -1 -2 -2 -1 -2 -1 -1 -1 -1 -1 -1 -1 -1 -1 -2 -2 26 -2
27 -1 27 27 27 27 27 -1 27 -1 -1 27 -1 -1 -1 -1 -1 -1 -1 -1 -1 27 -1 27 28
29 -1 29 29 29 29 29 -1 29 -1 -1 29 -1 -1 -1 -1 -1 -1 -1 -1 -1 29 -1 29 28
0 0 0 0 0 0 0 0 0 0 0 0 0 0 0 0 0 0 0 0 0 0 0 0 0
30 -1 -2 -1 -1 -1 -1 -1 -1 -1 -1 30 -1 -1 -1 -1 -1 -1 -1 -1 -1 30 -1 -1 -1
31 -1 -2 -1 -1 -1 -1 -1 -1 -1 -1 31 -2 -1 -1 -1 -1 -1 -1 -1 -1 31 -1 -1 -1
-1 -1 32 -1 -1 -1 -1 -1 -1 -1 33 33 33 33 33 33 33 -1 -1 -1 -1 -1 -1 -1 -1
0 0 0 0 0 0 0 0 0 0 0 0 0 0 0 0 0 0 0 0 0 0 0 0 0
-2 -1 -1 -1 -1 -1 -1 -1 -1 -1 34 34 34 34 34 34 34 -1 -1 -1 -1 -2 -1 -1 -1
0 0 0 0 0 0 0 0 0 0 0 0 0 0 0 0 0 0 0 0 0 0 0 0 0
0 0 0 0 0 0 0 0 0 0 0 0 0 0 0 0 0 0 0 0 0 0 0 0 0
0 0 0 0 0 0 0 0 0 0 0 0 0 0 0 0 0 0 0 0 0 0 0 0 0
0 0 0 0 0 0 0 0 0 0 0 0 0 0 0 0 0 0 0 0 0 0 0 0 0
0 0 0 0 0 0 0 0 0 0 0 0 0 0 0 0 0 0 0 0 0 0 0 0 0
0 0 0 0 0 0 0 0 0 0 0 0 0 0 0 0 0 0 0 0 0 0 0 0 0
41 -1 -2 -1 -1 -1 -1 -1 -1 -1 -2 41 -2 -2 -2 -2 -2 -1 -1 -1 -1 41 -1 -1 -1
-1 -1 -1 -1 -1 -1 -1 -1 -1 -1 -1 -1 -1 -1 -1 -1 -1 42 43 -1 -1 -1 -1 -1 -1
0 0 0 0 0 0 0 0 0 0 0 0 0 0 0 0 0 0 0 0 0 0 0 0 0
0 0 0 0 0 0 0 0 0 0 0 0 0 0 0 0 0 0 0 0 0 0 0 0 0
45 -1 -2 -1 -1 -1 -1 -1 -1 -1 -2 45 -2 -2 -2 -2 -2 -2 -2 -1 -1 45 -1 -1 -1
-1 -1 48 -1 -1 -1 -1 -1 -1 -1 48 48 48 48 48 48 48 48 48 46 47 -1 -1 -1 -1
0 0 0 0 0 0 0 0 0 0 0 0 0 0 0 0 0 0 0 0 0 0 0 0 0
0 0 0 0 0 0 0 0 0 0 0 0 0 0 0 0 0 0 0 0 0 0 0 0 0
50 -1 -2 -1 -1 -1 -1 -1 -1 -1 -2 49 -2 -2 -2 -2 -2 -2 -2 -2 -2 51 -1 -1 -1
0 0 0 0 0 0 0 0 0 0 0 0 0 0 0 0 0 0 0 0 0 0 0 0 0
0 0 0 0 0 0 0 0 0 0 0 0 0 0 0 0 0 0 0 0 0 0 0 0 0